0000011111111111111000001
0000000000000000001000010
1100000011000100000100011
1100000110111110000000100
1100000001001000000100101
1100000010001000000100110
1100000100001010011000111
0001011111111111111100001
1100000101000000000100011
0001111111111111111100010
1100000101000000001000100
1100000111000100010000101
1100001010000110010100110
1100001001001010001100111
1100001100111110001101001
1100001000010000100001000
1100001011000000010001000
1100001101000100000101010
1100001110000100000101011
1100001111000100010001100
1100010000001000001101101
1100010001001000011001110
1100010010001010011001111
1100010011000000000010000
1000001101011010001110001
1000100101000110010110010
1001000001000010010110011
1001100001000010010110100
1010000001000010001110101
1010101000010000001110110
1011010110101100110110111
1011110000100001011111000
1100000000000000000000000
